%%%x-coil
x.Kp  = 3639.2 ;                 
x.Tp1 = 108.65 ;                
x.Tp2 = 0.52435;               
x.Tz  = 24.199 ;

%%%Adaptation Law gains
x.lambda = 1E-3;
x.n = 1;
x.alpha = 1;
x.beta = 1;
x.epsilon = 1;

%%%Initial Conditions
x.kd_init = 3.096305095968147e-05;
x.ki_init = 0.001083608847320;
x.kp_init = 7.034383411703327e-04;


